mu,V_A,V_fixed   cuts         engine h2_by_cat           QGglmm h2.obs              max|diff|
0,0.5,0          0,1          0.21221,0.02058,0.16587    0.21221,0.02058,0.16587    6.05e-15
0.3,0.8,0        0,1          0.27784,0.00363,0.25611    0.27784,0.00363,0.25611    7.52e-12
-0.5,1,0.5       -0.5,0.5,1.5 0.25465,0.01159,0.06444,0.13917 0.25465,0.01159,0.06444,0.13917 3.17e-08
1,0.4,0.2        0,0.8,1.6    0.12636,0.01506,0.0019,0.14659 0.12636,0.01506,0.0019,0.14659 6.70e-14
0,1.5,0          -1,0,1       0.3298,0.01738,0.01738,0.3298 0.3298,0.01738,0.01738,0.3298 1.09e-08
0.5,0.6,0.3      0,2          0.19162,0.02952,0.12908    0.19162,0.02952,0.12908    3.04e-11

max |engine - QGglmm ordinal| = 3.17e-08  (threshold 1e-4)
PASS: engine ordinal per-category observed h2 == QGglmm model=ordinal
